IRIDIUM 163             
1 43575U 18061G   25332.55831849  .00000107  00000+0  31051-4 0  9999
2 43575  86.3963 140.6063 0001936  88.0168 272.1249 14.34216277384628
IRIDIUM 158             
1 43571U 18061C   25332.53928459  .00000086  00000+0  23576-4 0  9996
2 43571  86.3963 140.6472 0001824  89.9861 270.1544 14.34218616384607
IRIDIUM 159             
1 43578U 18061K   25332.55197243  .00000002  00000+0 -62876-5 0  9990
2 43578  86.3968 140.5942 0002022  87.8695 272.2732 14.34217674384620
IRIDIUM 160             
1 43569U 18061A   25332.54562978 -.00000017  00000+0 -12994-4 0  9992
2 43569  86.3971 140.6817 0002022  84.5744 275.5682 14.34217622384617