IRIDIUM 26              
1 24903U 97043A   25321.63641450  .00000707  00000+0  23074-3 0  9995
2 24903  86.3980  46.1103 0001938  92.3962 267.7458 14.37299654478784
IRIDIUM 29              
1 24944U 97051A   25321.80050072  .00000811  00000+0  26925-3 0  9996
2 24944  86.3945  79.4136 0002172  97.3512 262.7932 14.36630240475320
IRIDIUM 28              
1 24948U 97051E   25321.74671973  .00000757  00000+0  24645-3 0  9998
2 24948  86.3953  76.8632 0001597  85.3818 274.7562 14.37531736475908
IRIDIUM 57              
1 25273U 98019B   25321.75693685  .00000660  00000+0  22035-3 0  9994
2 25273  86.3947  80.8669 0001947  91.9684 268.1736 14.36023757446828